0 0.7477139109985528 0.7234442836468885 0.01707670043415339 0.014761215629522439
0 0.7493058068017365 0.713314037626628 0.006367583212735184 0.008393632416787256
0 0.7468456041968162 0.7085383502170767 0.0008683068017366402 0.0011577424023155203
0 0.7448195549927641 0.7109985528219971 0.004341534008683113 0.008393632416787256
0 0.7180467619392185 0.7065123010130245 0.0023154848046310406 0.003473227206946472
0 0.7258615231548481 0.7060781476121563 0.007525325615050616 0.010130246020260447
0 0.7150076881331404 0.7013024602026048 0.003183791606367592 0.002894356005788712
0 0.7009700615050651 0.7031837916063676 0.008104196816208465 0.011287988422575968
0 0.719204504341534 0.7014471780028944 0.005788712011577424 0.010709117221418296
0 0.7118238965267728 0.6966714905933429 0.002604920405209832 0.0023154848046310406
0 0.724559062952243 0.6978292329956585 0.004920405209840784 0.005209840810419664
0 0.7506082670043416 0.7013024602026048 0.010709117221418207 0.013892908827785799
0 0.7222435781476121 0.6940665701881331 0.0008683068017365514 0.0005788712011577602
0 0.68432751447178 0.6914616497829232 0.008972503617945016 0.002894356005788712
0 0.6754997286541244 0.6888567293777135 0.005788712011577424 0.003473227206946472
0 0.7180467619392185 0.6937771345875542 0.008104196816208465 0.013892908827785887
0 0.7219541425470333 0.6904486251808972 0.010709117221418207 0.010709117221418207
0 0.6786835202604921 0.6853835021707669 0.01736613603473227 0.0046309696092619035
0 0.721519989146165 0.6833574529667148 0.0046309696092619035 0.004052098408104232
0 0.6914186866859623 0.6879884225759768 0.007525325615050616 0.013314037626628129
0 0.6684085564399421 0.6823444283646888 0.006657018813314064 0.004920405209840784
0 0.7106661541244572 0.6801736613603472 0.0014471780028943114 0.0017366136034731917
0 0.7539367764109984 0.6861070911722141 0.010998552821997177 0.017655571635311153
0 0.6711581946454414 0.6759768451519537 0.0011577424023155203 0.0020260492040520715
0 0.67405255065123 0.6769898697539797 0.0046309696092619035 0.006367583212735184
0 0.6768021888567294 0.6725036179450072 0.0014471780028943114 0.002604920405209832
0 0.6734736794500723 0.6719247467438494 0.003473227206946472 0.006657018813313975
0 0.6934447358900144 0.6685962373371924 0.0005788712011576714 0.0005788712011577602
0 0.7558181078147612 0.6768451519536903 0.017655571635311153 0.019392185238784432
0 0.6668166606367583 0.6680173661360347 0.0017366136034731917 0.0017366136034732804
0 0.6733289616497828 0.6670043415340086 0.0008683068017365514 0.0008683068017366402
0 0.688958484081042 0.6668596237337192 0.0014471780028944004 0.0011577424023154314
0 0.6759338820549927 0.6670043415340087 0.0014471780028943114 0.0014471780028943114
0 0.6783940846599131 0.668162083936324 0.002894356005788712 0.004341534008683023
0 0.6776704956584659 0.6652677279305355 0.0008683068017366402 0.0008683068017366402
0 0.6685532742402315 0.6670043415340087 0.0017366136034732804 0.004341534008683113
0 0.6717370658465991 0.6654124457308248 0.0011577424023155203 0.0017366136034732804
0 0.6957602206946454 0.6664254703328509 0.0023154848046309517 0.004341534008683113
0 0.6854852568740954 0.66410998552822 0.0014471780028943114 0.0008683068017366402
0 0.6760785998552821 0.6642547033285093 0.0011577424023154314 0.0011577424023155203
0 0.6944577604920404 0.6806078147612157 0.028075253256150477 0.03502170767004342
0 0.6805648516642547 0.6639652677279304 0.0026049204052099205 0.0017366136034731917
0 0.7306372105643993 0.6703328509406656 0.01591895803183796 0.01505065123010132
0 0.6973521164978292 0.6633863965267727 0.0014471780028944004 0.0011577424023154314
0 0.6649353292329956 0.6635311143270621 0.0020260492040520715 0.0020260492040520715
0 0.6634881512301012 0.6613603473227206 0.0008683068017366402 0.0017366136034731917
0 0.6857746924746744 0.6604920405209841 0.0014471780028944004 0.0017366136034731917
0 0.6908398154848046 0.6612156295224312 0.008683068017366135 0.005499276410998543
0 0.6876560238784369 0.6587554269175108 0.0017366136034731917 0.0017366136034732804
0 0.6668166606367583 0.6578871201157742 0.0011577424023155203 0.0011577424023154314
0 0.6946024782923299 0.6577424023154848 0.0011577424023155203 0.0014471780028943114
0 0.6888137662807525 0.657163531114327 0.0005788712011577602 0.0008683068017366402
0 0.6851958212735166 0.657163531114327 0.003183791606367592 0.0020260492040520715
0 0.7582783104196815 0.6617945007235889 0.01447178002894356 0.011866859623733728
0 0.6686979920405209 0.6568740955137481 0.0014471780028944004 0.003183791606367592
0 0.6960496562952242 0.6551374819102749 0.0011577424023154314 0.0008683068017365514
0 0.6653694826338639 0.6554269175108538 0.0011577424023155203 0.002604920405209832
0 0.7663825072358901 0.6551374819102749 0.004052098408104232 0.004920405209840872
0 0.6925764290882779 0.6526772793053545 0.0005788712011577602 0.0005788712011577602
0 0.6727500904486251 0.6778581765557163 0.03212735166425471 0.05094066570188138
0 0.6876560238784369 0.6535455861070911 0.0017366136034731917 0.0034732272069463834
0 0.6987992945007235 0.6570188133140376 0.005499276410998543 0.010998552821997087
0 0.6914186866859623 0.6519536903039074 0.0011577424023155203 0.0008683068017365514
0 0.6938788892908827 0.6518089725036178 0.0014471780028943114 0.0011577424023154314
0 0.6679744030390738 0.6539797395079594 0.006946454413892855 0.005499276410998543
0 0.6980757054992763 0.6513748191027495 0.0005788712011577602 0.0008683068017366402
0 0.6791176736613603 0.6552821997105645 0.010709117221418296 0.013892908827785799
0 0.6639223046309695 0.6500723589001447 0.002894356005788712 0.004052098408104143
0 0.6653694826338639 0.6474674384949348 0.0005788712011577602 0.0005788712011577602
0 0.6972073986975398 0.648191027496382 0.0017366136034731917 0.002604920405209832
0 0.7568311324167872 0.6500723589001447 0.010998552821997177 0.008683068017366135
0 0.660738513024602 0.6473227206946455 0.002894356005788712 0.003183791606367592
0 0.7073376447178003 0.6645441389290883 0.01852387843704779 0.038784370477568685
0 0.6679744030390738 0.644862518089725 0.0011577424023154314 0.0011577424023155203
0 0.6600149240231549 0.6437047756874096 0.004341534008683023 0.0023154848046309517
0 0.7357023335745296 0.6529667149059334 0.01447178002894356 0.021997105643994173
0 0.6864982814761216 0.6486251808972503 0.010998552821997087 0.01562952243125908
0 0.6681191208393631 0.6412445730824891 0.0008683068017366402 0.0008683068017366402
0 0.6802754160636757 0.640231548480463 0.0014471780028944004 0.0017366136034731917
0 0.6739078328509406 0.6438494934876989 0.006657018813314064 0.008972503617945016
0 0.6795518270622287 0.6379160636758321 0.0017366136034731917 0.0011577424023154314
0 0.6710134768451519 0.6370477568740954 0.0014471780028943114 0.0023154848046309517
0 0.7695662988422576 0.6351664254703329 0.0005788712011577602 0.0008683068017366402
0 0.6639223046309696 0.6403762662807525 0.012735166425470368 0.011866859623733638
0 0.6859194102749637 0.6397973950795948 0.022575976845151936 0.026338639652677288
