0 0.6407674565846598 0.48914616497829233 0.0017366136034731917 0.0011577424023155203
0 0.6449642727930535 0.48726483357452965 0.004920405209840784 0.003762662807525352
0 0.6080612337192475 0.48364688856729376 0.004052098408104143 0.0046309696092619035
0 0.6467008863965267 0.48263386396526775 0.0020260492040520715 0.003762662807525263
0 0.607916515918958 0.4807525325615051 0.0014471780028944004 0.0011577424023155203
0 0.6271639833574529 0.48871201157742394 0.03646888567293773 0.017655571635311153
0 0.6038644175108538 0.4803183791606367 0.003762662807525352 0.003762662807525263
0 0.6286111613603473 0.4787264833574529 0.0017366136034732804 0.0011577424023154314
0 0.6436618125904486 0.47901591895803186 0.0046309696092619035 0.002894356005788712
0 0.6484375 0.47742402315484805 0.002604920405209832 0.0014471780028944004
0 0.6005359081041968 0.47742402315484805 0.004052098408104232 0.003762662807525263
0 0.5992334479015918 0.4832127351664255 0.012445730824891487 0.01591895803183787
0 0.647424475397974 0.4755426917510853 0.0017366136034731917 0.0017366136034731917
0 0.643806530390738 0.4752532561505065 0.003183791606367592 0.0023154848046309517
0 0.6037196997105644 0.47467438494934877 0.0011577424023154314 0.0017366136034732804
0 0.5982204232995658 0.47510853835021705 0.004052098408104232 0.003762662807525352
0 0.6073376447178003 0.4742402315484805 0.003183791606367592 0.0026049204052099205
0 0.6050221599131692 0.4727930535455861 0.0002894356005788801 0.00028943560057879123
0 0.6242696273516641 0.4798842257597684 0.005788712011577424 0.016208393632416752
0 0.6067587735166425 0.4710564399421129 0.0014471780028943114 0.0014471780028944004
0 0.6029961107091172 0.47192474674384943 0.003762662807525352 0.003762662807525352
0 0.6099425651230101 0.47467438494934877 0.002604920405209832 0.012156295224312608
0 0.6070482091172213 0.4687409551374818 0.0014471780028943114 0.0014471780028944004
0 0.6448195549927641 0.4694645441389291 0.008104196816208376 0.007525325615050616
0 0.6396097141823444 0.46845151953690306 0.004052098408104143 0.010130246020260447
0 0.6073376447178003 0.46367583212735164 0.0014471780028943114 0.0017366136034731917
0 0.641491045586107 0.46193921852387837 0.0020260492040520715 0.0017366136034731917
0 0.6084953871201157 0.45933429811866855 0.0014471780028944004 0.0011577424023155203
0 0.647424475397974 0.4587554269175108 0.0005788712011576714 0.0005788712011577602
0 0.6456878617945007 0.45832127351664254 0.0011577424023155203 0.0014471780028943114
0 0.6508977026049203 0.4587554269175108 0.002894356005788712 0.002894356005788712
0 0.5533579052098407 0.46063675832127354 0.008683068017366135 0.006657018813314064
0 0.6139946635311142 0.4570188133140376 0.003183791606367503 0.0017366136034732804
0 0.6060351845151953 0.45629522431259045 0.0005788712011577602 0.0008683068017366402
0 0.6354128979739507 0.4722141823444283 0.018813314037626584 0.03328509406657023
0 0.6086401049204052 0.4541244573082489 0.0011577424023155203 0.0011577424023155203
0 0.5445301193921852 0.4545586107091172 0.003183791606367592 0.003183791606367592
0 0.6157312771345875 0.45311143270622284 0.0020260492040520715 0.0014471780028943114
0 0.6135605101302459 0.45282199710564397 0.0011577424023155203 0.0014471780028943114
0 0.6163101483357453 0.4620839363241679 0.014761215629522439 0.021707670043415294
0 0.6047327243125904 0.4597684515195368 0.006078147612156304 0.01881331403762667
0 0.5818673118668596 0.4525325615050651 0.006078147612156304 0.004920405209840872
0 0.5707240412445731 0.45629522431259045 0.010998552821997087 0.012445730824891487
0 0.6287558791606367 0.4545586107091172 0.008972503617945016 0.010130246020260447
0 0.6186256331403762 0.4490593342981186 0.0014471780028943114 0.0014471780028943114
0 0.6070482091172213 0.44848046309696094 0.0008683068017365514 0.0014471780028944004
0 0.5963390918958031 0.4480463096960926 0.0008683068017366402 0.0005788712011577602
0 0.6132710745296672 0.449204052098408 0.004052098408104232 0.003473227206946472
0 0.6053115955137482 0.44819102749638196 0.0014471780028944004 0.0014471780028944004
0 0.6212305535455861 0.44876989869753975 0.0020260492040520715 0.003762662807525352
0 0.6003911903039073 0.4479015918958032 0.0014471780028943114 0.0020260492040521604
0 0.6027066751085384 0.4474674384949349 0.0020260492040521604 0.0017366136034731917
0 0.5756444464544138 0.44761215629522433 0.0017366136034731917 0.0020260492040520715
0 0.6242696273516642 0.44862518089725034 0.004630969609261992 0.005209840810419664
0 0.6047327243125904 0.4454413892908827 0.002604920405209832 0.0011577424023155203
0 0.596628527496382 0.445875542691751 0.0014471780028944004 0.0020260492040520715
0 0.573328961649783 0.44573082489146165 0.002894356005788712 0.0023154848046309517
0 0.6290453147612156 0.4452966714905934 0.002604920405209832 0.0026049204052099205
0 0.6212305535455861 0.4448625180897251 0.0020260492040520715 0.002894356005788712
0 0.5964838096960926 0.44703328509406653 0.007525325615050704 0.01360347322720692
0 0.5825909008683068 0.44081041968162077 0.003473227206946472 0.002894356005788712
0 0.5555286722141822 0.4439942112879883 0.005499276410998543 0.009261939218523895
0 0.642793505788712 0.46700434153400866 0.04052098408104197 0.05586107091172217
0 0.5513318560057886 0.4424023154848046 0.007525325615050616 0.008393632416787344
0 0.6176126085383502 0.4406657018813315 0.006367583212735184 0.005499276410998543
0 0.5794071092619392 0.43791606367583213 0.0017366136034732804 0.0011577424023154314
0 0.6025619573082489 0.44066570188133136 0.004052098408104143 0.007814761215629495
0 0.5765127532561505 0.4447178002894356 0.006367583212735184 0.01591895803183787
0 0.5535026230101302 0.43646888567293773 0.0008683068017366402 0.0005788712011577602
0 0.5681191208393631 0.4353111432706223 0.002894356005788712 0.0023154848046309517
0 0.5598702062228653 0.4369030390738061 0.004920405209840784 0.007235890014471824
0 0.6106661541244573 0.4397973950795947 0.008683068017366135 0.01418234442836468
0 0.6180467619392185 0.43502170767004333 0.0072358900144717355 0.0052098408104197524
0 0.5660930716353111 0.43357452966714904 0.0017366136034731917 0.0023154848046310406
0 0.5639223046309696 0.4321273516642547 0.0020260492040520715 0.0017366136034731917
0 0.5585677460202605 0.43458755426917506 0.0046309696092619035 0.008972503617945016
0 0.6718817836468884 0.43965267727930535 0.03560057887120118 0.020839363241678656
0 0.555094518813314 0.4322720694645441 0.005788712011577424 0.006657018813313975
0 0.5818673118668596 0.43285094066570184 0.012445730824891487 0.008972503617945016
0 0.5621856910274964 0.4298118668596237 0.0014471780028944004 0.002894356005788712
0 0.5576994392185238 0.42735166425470333 0.0017366136034731917 0.0020260492040520715
0 0.5862088458755427 0.4306801736613603 0.013024602026049159 0.01736613603473227
0 0.5646458936324168 0.4261939218523878 0.0046309696092619035 0.008393632416787256
0 0.5604490774240232 0.42532561505065125 0.002604920405209832 0.007235890014471824
0 0.5762233176555716 0.4232995658465991 0.005788712011577424 0.008972503617945016
0 0.5668166606367583 0.4182344428364688 0.012445730824891487 0.01562952243125908
