0 0.33989914978292324 0.33400868306801734 0.001447178002894356 0.0017366136034731917
0 0.3365706403762663 0.3319826338639652 0.0017366136034732804 0.001736613603473236
0 0.3558181078147612 0.33024602026049205 0.0026049204052098762 0.002315484804630996
0 0.375355010853835 0.32836468885672937 0.0017366136034731917 0.001447178002894356
0 0.3498846780028943 0.3290882778581765 0.002315484804630996 0.002894356005788712
0 0.37231593704775684 0.3266280752532561 0.0020260492040520715 0.002604920405209832
0 0.33845197178002895 0.32706222865412443 0.0043415340086830675 0.003473227206946472
0 0.3637775868306802 0.3260492040520984 0.0017366136034731917 0.0026049204052098762
0 0.35827831041968156 0.3253256150506512 0.004630969609261948 0.0046309696092619035
0 0.3529237518089725 0.3244573082489146 0.0026049204052098762 0.002894356005788712
0 0.368697992040521 0.3237337192474674 0.004052098408104188 0.003762662807525352
0 0.34453011939218525 0.3264833574529667 0.00839363241678721 0.010998552821997087
0 0.3319396707670043 0.32098408104196813 0.0017366136034731917 0.0011577424023155203
0 0.38374864327062225 0.3193921852387843 0.002894356005788712 0.0020260492040520715
0 0.3387414073806078 0.3199710564399421 0.00781476121562954 0.003183791606367592
0 0.38968207308248914 0.3169319826338639 0.003183791606367592 0.001736613603473236
0 0.3821567474674385 0.31562952243125897 0.001447178002894356 0.001447178002894356
0 0.3367153581765557 0.31447178002894355 0.0026049204052098762 0.002026049204052116
0 0.3277428545586107 0.3127351664254703 0.0008683068017366402 0.0008683068017365958
0 0.33237382416787264 0.313314037626628 0.003183791606367592 0.002604920405209832
0 0.3779599312590448 0.30998552821997105 0.003473227206946472 0.002894356005788712
0 0.34293822358900145 0.30607814761215624 0.0005788712011577602 0.0002894356005788801
0 0.34134632778581764 0.30709117221418236 0.003183791606367592 0.002315484804630996
0 0.3448195549927641 0.3060781476121563 0.002026049204052116 0.001447178002894356
0 0.3498846780028943 0.30318379160636755 0.001736613603473236 0.002604920405209832
0 0.35958077062228655 0.312301013024602 0.040231548480463085 0.022575976845151936
0 0.33497874457308247 0.3026049204052098 0.002604920405209832 0.003183791606367592
0 0.3840380788712011 0.3017366136034732 0.002894356005788712 0.002026049204052116
0 0.3426487879884226 0.3017366136034732 0.001736613603473236 0.002026049204052116
0 0.378683520260492 0.30202604920405207 0.0043415340086830675 0.003183791606367592
0 0.36739553183791607 0.30028943560057886 0.001447178002894356 0.001447178002894356
0 0.35552867221418233 0.29942112879884225 0.001447178002894356 0.0008683068017366402
0 0.3620409732272069 0.2982633863965267 0.0011577424023154759 0.0008683068017365958
0 0.3439512481910275 0.2982633863965267 0.0008683068017365958 0.0008683068017365958
0 0.3671060962373372 0.2979739507959479 0.002604920405209832 0.002604920405209832
0 0.3469903219971056 0.29594790159189577 0.0011577424023154759 0.0008683068017365958
0 0.37188178364688856 0.29580318379160636 0.0011577424023154759 0.001736613603473236
0 0.36131738422575976 0.29507959479015916 0.0008683068017365958 0.0008683068017366402
0 0.3488716534008683 0.2952243125904486 0.001447178002894356 0.0011577424023154759
0 0.36276456222865405 0.2937771345875542 0.0008683068017365958 0.0011577424023154759
0 0.35813359261939215 0.29319826338639654 0.001447178002894356 0.0011577424023154759
0 0.3514765738060781 0.29406657018813315 0.0031837916063675474 0.002894356005788712
0 0.36319871562952244 0.2911722141823444 0.00810419681620842 0.004052098408104188
0 0.36508004703328506 0.28813314037626625 0.0020260492040520715 0.001447178002894356
0 0.3708687590448625 0.2875542691751085 0.0008683068017366402 0.0008683068017366402
0 0.3684085564399421 0.2882778581765557 0.0023154848046309517 0.002894356005788712
0 0.37492085745296666 0.286396526772793 0.002026049204052116 0.001447178002894356
0 0.3548050832127352 0.29015918958031833 0.004052098408104188 0.008972503617945016
0 0.37709162445730826 0.28552821997105643 0.0011577424023154759 0.002026049204052116
0 0.3539367764109985 0.2846599131693198 0.0011577424023154759 0.001447178002894356
0 0.369711016642547 0.28191027496382054 0.001447178002894356 0.0011577424023155203
0 0.3477139109985528 0.28523878437047756 0.007814761215629495 0.012445730824891444
0 0.35972548842257596 0.28408104196816203 0.006367583212735184 0.013024602026049204
0 0.3539367764109985 0.2793053545586107 0.0023154848046309517 0.008104196816208376
0 0.3682638386396527 0.27930535455861066 0.008972503617945016 0.013314037626628084
0 0.3762233176555716 0.2769898697539797 0.005788712011577424 0.015629522431259035
0 0.378683520260492 0.2693198263386396 0.001447178002894356 0.0008683068017365958
0 0.3700004522431259 0.26845151953690305 0.001447178002894356 0.001447178002894356
0 0.378683520260492 0.26613603473227204 0.0008683068017365958 0.0008683068017366402
0 0.3737631150506512 0.26092619392185235 0.003762662807525352 0.014761215629522395
0 0.3717370658465991 0.25195369030390735 0.001447178002894356 0.003183791606367592
0 0.3387414073806078 0.2506512301013024 0.001447178002894356 0.0011577424023154759
0 0.34206991678726484 0.24978292329956586 0.0034732272069464276 0.001736613603473236
0 0.34496427279305353 0.2487698986975398 0.0011577424023155203 0.0008683068017366402
0 0.33613648697539794 0.2487698986975398 0.0008683068017366402 0.0008683068017366402
0 0.3472797575976845 0.24761215629522432 0.001736613603473236 0.001447178002894356
0 0.3336762843704776 0.24703328509406655 0.0005788712011577602 0.0008683068017366402
0 0.3458325795947902 0.24587554269175102 0.0011577424023154759 0.001447178002894356
0 0.35683113241678727 0.24573082489146164 0.005788712011577424 0.0023154848046309517
0 0.32890059696092616 0.27308248914616495 0.03212735166425471 0.057597684515195355
0 0.3336762843704776 0.24413892908827783 0.006367583212735184 0.0020260492040520715
0 0.3620409732272069 0.24356005788712007 0.004052098408104188 0.002026049204052116
0 0.3383072539797395 0.2431259044862518 0.0017366136034731917 0.0011577424023154759
0 0.3524895984081041 0.24500723589001447 0.00752532561505066 0.00607814761215626
0 0.3403333031837916 0.24254703328509403 0.0011577424023154759 0.0011577424023154759
0 0.3274534189580318 0.24298118668596236 0.004341534008683023 0.0020260492040520715
0 0.3600149240231548 0.24240231548480465 0.0011577424023154759 0.001447178002894356
0 0.3679744030390738 0.24573082489146164 0.00723589001447178 0.008683068017366135
0 0.3443854015918958 0.24109985528219968 0.0005788712011577602 0.0005788712011577602
0 0.3485822178002894 0.24283646888567292 0.003762662807525308 0.0046309696092619035
0 0.34206991678726484 0.24081041968162084 0.002315484804630996 0.001736613603473236
0 0.3458325795947902 0.24023154848046308 0.0011577424023154759 0.0011577424023154759
0 0.33555761577424026 0.2399421128798842 0.0008683068017365958 0.0005788712011577602
0 0.32803229015918955 0.2397973950795948 0.0008683068017366402 0.001447178002894356
0 0.337149511577424 0.23936324167872644 0.0011577424023154759 0.0011577424023154759
0 0.3268745477568741 0.23907380607814757 0.0008683068017365958 0.0005788712011577157
0 0.3332421309696093 0.23892908827785816 0.002026049204052116 0.002026049204052116
0 0.3179020441389291 0.23950795947901588 0.0020260492040520715 0.003183791606367592
0 0.3388861251808972 0.23791606367583212 0.001736613603473236 0.001736613603473236
0 0.35017411360347317 0.23589001447177999 0.001736613603473236 0.001736613603473236
0 0.3452537083936324 0.23675832127351662 0.0034732272069464276 0.005788712011577424
0 0.3300583393632417 0.23502170767004338 0.003762662807525308 0.002894356005788712
0 0.3432276591895803 0.2337192474674385 0.0005788712011577157 0.0008683068017365958
0 0.33526818017366133 0.2353111432706223 0.003762662807525352 0.004052098408104188
0 0.3566864146164978 0.23762662807525325 0.007814761215629495 0.009261939218523852
0 0.3676849674384949 0.2338639652677279 0.002604920405209832 0.0023154848046309517
0 0.3320843885672938 0.23314037626628076 0.0014471780028943114 0.002604920405209832
0 0.3585677460202604 0.2338639652677279 0.004052098408104188 0.005209840810419664
0 0.33005833936324164 0.23154848046309695 0.0002894356005788801 0.0005788712011577602
0 0.33932027858176556 0.23125904486251808 0.0008683068017366402 0.0005788712011577602
0 0.34062273878437044 0.23198263386396523 0.002894356005788712 0.0031837916063675474
0 0.3374389471780029 0.23183791606367582 0.0017366136034731917 0.002894356005788712
0 0.34916108900144716 0.23241678726483356 0.00607814761215626 0.008683068017366135
0 0.3396097141823444 0.2290882778581765 0.004341534008683023 0.002026049204052116
0 0.3671060962373372 0.22923299565846594 0.003762662807525308 0.002894356005788712
0 0.3656589182344428 0.2279305354558611 0.0008683068017365958 0.0008683068017365958
0 0.3480033465991316 0.22821997105643996 0.001447178002894356 0.001447178002894356
0 0.3222435781476121 0.23560057887120114 0.0083936324167873 0.016208393632416752
0 0.34597729739507954 0.22865412445730823 0.0020260492040520715 0.002894356005788712
0 0.3443854015918958 0.2272069464544139 0.0005788712011577602 0.0005788712011577602
0 0.3297689037626628 0.22865412445730823 0.00723589001447178 0.005209840810419664
0 0.34742447539797394 0.2261939218523878 0.001447178002894356 0.001447178002894356
0 0.3452537083936324 0.22575976845151952 0.0011577424023155203 0.001736613603473236
0 0.3497399602026049 0.22561505065123008 0.002026049204052116 0.003183791606367592
0 0.33078192836468884 0.2253256150506512 0.0034732272069464276 0.002604920405209832
0 0.3390308429811867 0.22503617945007232 0.010130246020260447 0.005499276410998543
0 0.360738513024602 0.22547033285094065 0.006078147612156304 0.009840810419681656
0 0.34626673299565847 0.22257597684515193 0.0014471780028943114 0.004052098408104232
