0 0.6296241859623734 0.7878437047756874 0.0020260492040520715 0.0017366136034731917
0 0.6481480643994211 0.7875542691751084 0.002604920405209832 0.0023154848046309517
0 0.6416357633863965 0.7858176555716353 0.0023154848046309517 0.002894356005788712
0 0.6286111613603473 0.7846599131693198 0.0023154848046310406 0.0017366136034731917
0 0.642793505788712 0.78205499276411 0.0017366136034732804 0.0017366136034731917
0 0.6273087011577424 0.7801736613603472 0.003762662807525352 0.004341534008683023
0 0.6219541425470332 0.7787264833574529 0.0023154848046309517 0.0020260492040520715
0 0.6134157923299566 0.7768451519536903 0.003183791606367592 0.0023154848046309517
0 0.6429382235890013 0.7749638205499275 0.003183791606367503 0.003762662807525263
0 0.6183361975397974 0.7746743849493487 0.005499276410998633 0.004341534008683023
0 0.6092189761215628 0.7725036179450072 0.002894356005788712 0.0023154848046309517
0 0.6530684696092619 0.7719247467438495 0.003183791606367592 0.0017366136034732804
0 0.614573534732272 0.7707670043415339 0.003183791606367592 0.0023154848046309517
0 0.5983651410998553 0.7703328509406656 0.0014471780028943114 0.0014471780028943114
0 0.6485822178002894 0.7693198263386396 0.0046309696092619035 0.002894356005788712
0 0.596917963096961 0.7665701881331403 0.0020260492040521604 0.0014471780028944004
0 0.605890466714906 0.7667149059334297 0.011866859623733728 0.005788712011577424
0 0.601259497105644 0.7642547033285093 0.003762662807525352 0.003762662807525352
0 0.647135039797395 0.7599131693198263 0.0017366136034731917 0.0014471780028944004
0 0.6416357633863965 0.7594790159189581 0.003473227206946472 0.004052098408104232
0 0.6061799023154848 0.758465991316932 0.006657018813314064 0.005499276410998543
0 0.6377283827785817 0.755861070911722 0.0008683068017366402 0.0008683068017365514
0 0.6001017547033285 0.755137481910275 0.0014471780028944004 0.0011577424023155203
0 0.6575547214182345 0.7549927641099854 0.0011577424023155203 0.0020260492040521604
0 0.6552392366136035 0.7544138929088277 0.0023154848046309517 0.0014471780028944004
0 0.6271639833574529 0.7672937771345876 0.032995658465991354 0.027785817655571688
0 0.6513318560057886 0.7526772793053546 0.0008683068017366402 0.0008683068017366402
0 0.639175560781476 0.7528219971056439 0.0008683068017366402 0.0011577424023154314
0 0.6410568921852388 0.7526772793053544 0.0005788712011577602 0.0014471780028943114
0 0.6320843885672938 0.7526772793053544 0.0011577424023155203 0.0014471780028943114
0 0.607916515918958 0.7529667149059334 0.0020260492040521604 0.0020260492040520715
0 0.6252826519536903 0.7523878437047756 0.0020260492040521604 0.002604920405209832
0 0.619204504341534 0.7515195369030391 0.0020260492040520715 0.0014471780028944004
0 0.6490163712011577 0.7518089725036179 0.0020260492040521604 0.0026049204052099205
0 0.6179020441389291 0.750217076700434 0.0005788712011577602 0.0005788712011576714
0 0.6422146345875542 0.7506512301013024 0.010419681620839328 0.003762662807525352
0 0.6160207127351665 0.7499276410998552 0.0020260492040520715 0.002894356005788712
0 0.6054563133140375 0.7493487698986975 0.002894356005788712 0.002894356005788712
0 0.6537920586107091 0.7476121562952243 0.0017366136034731917 0.0011577424023154314
0 0.62021752894356 0.7465991316931981 0.0023154848046309517 0.0020260492040520715
0 0.6016936505065122 0.7460202604920404 0.0011577424023155203 0.0008683068017366402
0 0.6319396707670043 0.7457308248914616 0.003183791606367592 0.002604920405209832
0 0.6284664435600579 0.7451519536903038 0.003183791606367503 0.0014471780028943114
0 0.6234013205499276 0.7447178002894356 0.0011577424023155203 0.0005788712011576714
0 0.6686979920405209 0.7431259044862518 0.0014471780028944004 0.0008683068017366402
0 0.6629092800289434 0.7483357452966715 0.007235890014471824 0.014761215629522439
0 0.6137052279305355 0.7424023154848045 0.002604920405209832 0.002894356005788712
0 0.6707240412445731 0.7408104196816208 0.0008683068017365514 0.0008683068017366402
0 0.6372942293777134 0.7447178002894356 0.005788712011577424 0.009261939218523895
0 0.6548050832127352 0.7441389290882778 0.013024602026049248 0.008683068017366135
0 0.6398991497829233 0.7400868306801736 0.0011577424023155203 0.0011577424023155203
0 0.6453984261939218 0.7432706222865412 0.009261939218523895 0.010419681620839328
0 0.6624751266280752 0.7371924746743849 0.0017366136034731917 0.0011577424023155203
0 0.6432276591895804 0.7357452966714906 0.005499276410998543 0.006946454413892855
0 0.633531566570188 0.7367583212735166 0.007525325615050616 0.01418234442836468
0 0.6701451700434153 0.7337192474674386 0.007814761215629495 0.013314037626628038
0 0.6707240412445731 0.7105643994211287 0.0014471780028943114 0.0011577424023155203
0 0.6711581946454414 0.7182344428364689 0.016208393632416752 0.01649782923299572
0 0.6818673118668596 0.7085383502170767 0.0023154848046309517 0.0023154848046310406
0 0.6572652858176555 0.706657018813314 0.0017366136034732804 0.0014471780028943114
0 0.6549498010130246 0.7063675832127352 0.0011577424023155203 0.0008683068017366402
0 0.6520554450072359 0.7052098408104197 0.003473227206946472 0.0020260492040521604
0 0.684038078871201 0.7047756874095514 0.004341534008683023 0.0023154848046309517
0 0.657410003617945 0.7044862518089724 0.0008683068017366402 0.0017366136034731917
0 0.6488716534008683 0.7039073806078147 0.0011577424023155203 0.0011577424023154314
0 0.684038078871201 0.7026049204052098 0.0008683068017366402 0.0008683068017366402
0 0.6617515376266281 0.7037626628075253 0.0020260492040520715 0.005499276410998543
0 0.6679744030390738 0.7052098408104197 0.019102749638205463 0.008972503617945016
0 0.6478586287988423 0.7008683068017365 0.0008683068017366402 0.0008683068017365514
0 0.6608832308248914 0.7001447178002894 0.0014471780028944004 0.0011577424023155203
0 0.6591466172214182 0.6998552821997105 0.0008683068017365514 0.0005788712011577602
0 0.6668166606367583 0.6992764109985528 0.0017366136034731917 0.0017366136034732804
0 0.6550945188133139 0.6985528219971056 0.0014471780028944004 0.0008683068017365514
0 0.657410003617945 0.6985528219971056 0.0026049204052099205 0.0014471780028943114
0 0.6469903219971056 0.6979739507959478 0.0008683068017365514 0.0008683068017365514
0 0.6530684696092619 0.6979739507959478 0.0014471780028943114 0.0014471780028943114
0 0.6866429992764109 0.6963820549927641 0.0002894356005788801 0.0005788712011577602
0 0.6623304088277857 0.6971056439942112 0.005499276410998543 0.003762662807525263
0 0.6558181078147612 0.6942112879884226 0.004052098408104232 0.0014471780028944004
0 0.6490163712011577 0.6956584659913169 0.005499276410998543 0.004341534008683113
0 0.6811437228654124 0.6969609261939218 0.009551374819102777 0.007525325615050704
0 0.6629092800289434 0.6934876989869754 0.0008683068017366402 0.0005788712011577602
0 0.6530684696092619 0.6934876989869754 0.0008683068017365514 0.0005788712011577602
0 0.6255720875542691 0.7185238784370477 0.040810419681620844 0.0506512301013025
0 0.6685532742402316 0.6958031837916063 0.008104196816208376 0.005788712011577424
0 0.6698557344428364 0.6918958031837915 0.0014471780028943114 0.0008683068017366402
0 0.6516212916063676 0.6911722141823444 0.0014471780028944004 0.0023154848046310406
0 0.6731842438494935 0.691027496382055 0.0023154848046309517 0.0026049204052099205
0 0.6708687590448624 0.6901591895803183 0.0017366136034731917 0.0008683068017366402
0 0.6678296852387844 0.691027496382055 0.0020260492040520715 0.0026049204052099205
0 0.6618962554269174 0.6905933429811866 0.004052098408104232 0.0017366136034732804
0 0.6442406837916064 0.6911722141823443 0.004052098408104232 0.002894356005788712
0 0.6611726664254703 0.6891461649782923 0.0008683068017366402 0.0005788712011577602
0 0.6553839544138929 0.6895803183791606 0.004341534008683113 0.003762662807525352
0 0.6469903219971056 0.6882778581765556 0.0014471780028943114 0.0023154848046310406
0 0.6614621020260492 0.6878437047756873 0.006078147612156304 0.003183791606367592
0 0.6545156476121562 0.6861070911722141 0.0014471780028944004 0.002604920405209832
0 0.6721712192474674 0.686396526772793 0.003183791606367592 0.003762662807525352
0 0.6517660094066569 0.6861070911722141 0.002894356005788712 0.003762662807525352
0 0.6537920586107091 0.6836468885672937 0.0005788712011577602 0.0005788712011576714
0 0.6391755607814761 0.6823444283646888 0.003183791606367592 0.0020260492040521604
0 0.6658036360347322 0.6843704775687409 0.009551374819102686 0.009551374819102777
0 0.658423028219971 0.6793053545586106 0.003473227206946472 0.002894356005788712
0 0.6556733900144718 0.6804630969609262 0.006657018813313975 0.005788712011577424
0 0.6443854015918957 0.6823444283646888 0.01360347322720692 0.014182344428364769
