0 0.7329526953690303 0.3319826338639652 0.003762662807525263 0.0034732272069464276
0 0.7160207127351664 0.3248914616497829 0.029522431259044878 0.013603473227206963
0 0.7372942293777134 0.3201157742402315 0.005499276410998543 0.012156295224312563
0 0.6938788892908827 0.31751085383502164 0.021128798842257622 0.016787264833574556
0 0.7506082670043416 0.3 0.005499276410998543 0.002026049204052116
0 0.7456878617945006 0.29580318379160636 0.008393632416787256 0.001736613603473236
0 0.721519989146165 0.29421128798842255 0.0017366136034732804 0.0008683068017365958
0 0.7401885853835022 0.291027496382055 0.002604920405209832 0.001447178002894356
0 0.7472797575976845 0.2895803183791606 0.010419681620839328 0.003762662807525308
0 0.7319396707670043 0.2892908827785817 0.013314037626628038 0.004920405209840784
0 0.6924317112879883 0.28798842257597684 0.002604920405209832 0.0023154848046309517
0 0.7168890195369031 0.2859623733719247 0.0011577424023154314 0.0011577424023154759
0 0.6937341714905934 0.28552821997105643 0.003473227206946472 0.0031837916063675474
0 0.70227252170767 0.28523878437047756 0.005499276410998633 0.003183791606367592
0 0.7199280933429811 0.28712011577424024 0.01360347322720692 0.00810419681620842
0 0.7014042149059334 0.2832127351664254 0.0008683068017366402 0.0008683068017366402
0 0.6972073986975398 0.2814761215629522 0.005209840810419664 0.005499276410998543
0 0.7440959659913169 0.27496382054992763 0.0017366136034732804 0.0011577424023154759
0 0.7223882959479015 0.2756874095513748 0.008104196816208376 0.003183791606367592
0 0.740478020984081 0.2719247467438495 0.0002894356005788801 0.0002894356005788801
0 0.7439512481910274 0.2716353111432706 0.0008683068017366402 0.0002894356005788801
0 0.7427935057887118 0.2716353111432706 0.0002894356005788801 0.0002894356005788801
0 0.7416357633863966 0.2716353111432706 0.0008683068017366402 0.0002894356005788801
0 0.7410568921852387 0.2681620839363242 0.006657018813314064 0.002026049204052116
0 0.697930987698987 0.2648335745296671 0.0014471780028944004 0.001736613603473236
0 0.6998123191027495 0.26092619392185235 0.002894356005788712 0.0026049204052098762
0 0.7329526953690303 0.25774240231548473 0.003762662807525263 0.0008683068017365958
0 0.7361364869753979 0.2574529667149059 0.0014471780028944004 0.0008683068017366402
0 0.738451971780029 0.2571635311143271 0.0020260492040521604 0.001447178002894356
0 0.7011147793053546 0.2581765557163531 0.003762662807525263 0.0034732272069464276
0 0.740478020984081 0.2554269175108538 0.0014471780028943114 0.002604920405209832
0 0.7429382235890014 0.2536903039073806 0.0023154848046309517 0.001447178002894356
0 0.7124027677279304 0.24963820549927637 0.0014471780028944004 0.001447178002894356
0 0.7076270803183791 0.26425470332850937 0.021418234442836505 0.04399421128798844
0 0.7451089905933429 0.26382054992764103 0.03791606367583213 0.048335745296671506
0 0.7436618125904486 0.23617945007235885 0.0008683068017366402 0.001736613603473236
0 0.733531566570188 0.24225759768451516 0.040231548480463085 0.019102749638205508
