0 0.40487744211287985 0.6193921852387844 0.012735166425470323 0.012156295224312608
0 0.3744867040520984 0.6091172214182344 0.001736613603473236 0.003183791606367592
0 0.4041538531114327 0.6085383502170767 0.009551374819102777 0.008972503617945016
0 0.3705793234442837 0.6044862518089724 0.002026049204052116 0.002604920405209832
0 0.3744867040520984 0.6037626628075253 0.0069464544138928995 0.008683068017366135
0 0.36623778943560054 0.6007235890014472 0.002604920405209832 0.002604920405209832
0 0.3419251989869754 0.5937771345875543 0.0002894356005788801 0.0002894356005788801
0 0.3167443017366136 0.5929088277858175 0.0002894356005788801 0.0002894356005788801
0 0.4038644175108539 0.5975397973950796 0.007235890014471824 0.012445730824891399
0 0.3743419862518089 0.5991316931982633 0.015340086830680156 0.01736613603473227
0 0.3752102930535456 0.5946454413892909 0.013024602026049204 0.012445730824891399
0 0.3095084117221418 0.5817655571635311 0.0002894356005788801 0.0005788712011577602
0 0.36218569102749637 0.576121562952243 0.0002894356005788801 0.0002894356005788801
0 0.40632462011577425 0.5816208393632417 0.010998552821997177 0.01707670043415339
0 0.31573127713458754 0.5697539797395079 0.002315484804630996 0.0026049204052099205
0 0.3778152134587554 0.5722141823444283 0.016497829232995677 0.012156295224312608
0 0.3142840991316932 0.5687409551374818 0.0069464544138928995 0.007525325615050616
0 0.3090742583212735 0.567149059334298 0.003473227206946472 0.007235890014471824
0 0.40429857091172217 0.5675832127351663 0.016787264833574556 0.009840810419681656
0 0.3106661541244573 0.5626628075253256 0.0002894356005788801 0.0005788712011576714
0 0.3063246201157742 0.5633863965267728 0.002604920405209832 0.002604920405209832
0 0.3249932163531114 0.5619392185238784 0.002315484804630996 0.002604920405209832
0 0.3034302641099855 0.5607814761215628 0.0014471780028943114 0.0008683068017366402
0 0.30516687771345874 0.5599131693198263 0.001447178002894356 0.0008683068017365514
0 0.3073376447178003 0.5589001447178003 0.0005788712011577602 0.0005788712011577602
0 0.3814331584659913 0.558465991316932 0.009261939218523895 0.009551374819102686
0 0.31269220332850944 0.557163531114327 0.02170767004341534 0.01736613603473227
0 0.4111003075253256 0.5486251808972503 0.003183791606367592 0.003183791606367592
0 0.4009700615050651 0.5460202604920404 0.011287988422575923 0.005499276410998543
0 0.3795518270622286 0.5473227206946454 0.0153400868306802 0.009840810419681656
0 0.336136486975398 0.5782923299565846 0.06222865412445731 0.07583212735166427
