0 0.43729422937771345 0.6690303907380607 0.01678726483357451 0.0153400868306802
0 0.4374389471780029 0.6541244573082489 0.0008683068017366402 0.0011577424023155203
0 0.4378731005788712 0.6575976845151953 0.009840810419681656 0.010998552821997177
0 0.40878482272069466 0.6500723589001447 0.002604920405209832 0.003473227206946472
0 0.4165995839363242 0.6503617945007235 0.006657018813313975 0.010419681620839328
0 0.40617990231548473 0.6444283646888567 0.003183791606367592 0.003183791606367592
0 0.44178048118668595 0.6471780028943559 0.010709117221418119 0.013892908827785799
0 0.4105214363241679 0.6450072358900144 0.004920405209840784 0.010709117221418207
0 0.4161654305354558 0.6418234442836468 0.004630969609261992 0.005499276410998543
0 0.40328554630969604 0.6397973950795948 0.002604920405209832 0.002604920405209832
0 0.41399466353111425 0.6379160636758321 0.0008683068017366402 0.0005788712011577602
0 0.37636803545586106 0.6324167872648335 0.008972503617945016 0.002894356005788712
0 0.4096531295224313 0.6373371924746744 0.007235890014471824 0.01447178002894356
0 0.36942158104196815 0.6301013024602026 0.0020260492040520715 0.0017366136034732804
0 0.41399466353111436 0.6342981186685963 0.010130246020260535 0.011287988422575968
0 0.36638250723589 0.6287988422575976 0.002894356005788712 0.002604920405209832
0 0.41384994573082484 0.6272069464544139 0.0046309696092619035 0.004052098408104143
0 0.37115819464544136 0.62561505065123 0.017655571635311153 0.004341534008683113
0 0.38374864327062225 0.6292329956584659 0.006367583212735184 0.013314037626628038
0 0.40328554630969604 0.6231548480463097 0.0014471780028943114 0.0017366136034731917
0 0.36088323082489143 0.6221418234442837 0.006946454413892944 0.004341534008683023
0 0.36435645803183786 0.6160636758321273 0.0011577424023154759 0.0020260492040521604
0 0.3669613784370477 0.6172214182344428 0.004630969609261948 0.006078147612156215
0 0.44916108900144713 0.6273516642547033 0.01736613603473227 0.02749638205499272
0 0.3701451700434153 0.6130246020260491 0.0011577424023154759 0.0023154848046310406
0 0.38707715267727927 0.6104196816208394 0.0008683068017366402 0.0005788712011577602
0 0.3671060962373372 0.6121562952243125 0.003762662807525308 0.006367583212735184
0 0.3827356186685962 0.6083936324167872 0.001447178002894356 0.0011577424023154314
0 0.4242696273516643 0.614616497829233 0.01562952243125899 0.0153400868306802
0 0.3814331584659913 0.6150506512301013 0.01447178002894356 0.016208393632416752
0 0.37217121924746743 0.608972503617945 0.002894356005788712 0.004052098408104232
0 0.3605937952243126 0.6078147612156295 0.001736613603473236 0.0017366136034731917
0 0.369711016642547 0.6073806078147612 0.001447178002894356 0.0014471780028944004
0 0.3671060962373372 0.6070911722141823 0.0008683068017365958 0.0008683068017366402
0 0.3895373552821997 0.6082489146164978 0.0023154848046309517 0.004341534008683113
0 0.3947471960926194 0.6283646888567294 0.012735166425470368 0.04573082489146163
0 0.3715923480463097 0.6059334298118668 0.0011577424023154759 0.0008683068017365514
0 0.3912739688856729 0.6054992764109984 0.0011577424023155203 0.0011577424023154314
0 0.3624751266280752 0.6070911722141823 0.001447178002894356 0.004341534008683023
0 0.3795518270622287 0.6052098408104196 0.001447178002894356 0.0011577424023154314
0 0.36580363603473226 0.6056439942112879 0.0011577424023154759 0.0020260492040520715
0 0.3700004522431259 0.6049204052098408 0.0008683068017365958 0.0011577424023155203
0 0.37549972865412445 0.6041968162083936 0.0002894356005788801 0.0002894356005788801
0 0.37405255065123005 0.6049204052098407 0.001447178002894356 0.0017366136034731917
0 0.3569758502170767 0.6046309696092619 0.0008683068017365958 0.0017366136034732804
0 0.4520554450072359 0.6083936324167872 0.013892908827785887 0.01215629522431252
0 0.3590018994211288 0.6031837916063676 0.002026049204052116 0.0017366136034731917
0 0.3804201338639652 0.6021707670043416 0.0008683068017365958 0.0008683068017366402
0 0.3796965448625181 0.6011577424023155 0.0005788712011577602 0.0005788712011577602
0 0.3850511034732272 0.6028943560057887 0.008972503617945016 0.0052098408104197524
0 0.46059379522431254 0.6023154848046308 0.003762662807525352 0.004630969609261992
0 0.3578441570188133 0.6008683068017365 0.0008683068017366402 0.0017366136034732804
0 0.38201202966714903 0.6002894356005788 0.001736613603473236 0.0017366136034731917
0 0.38910320188133135 0.5995658465991316 0.0008683068017365958 0.0014471780028943114
0 0.3833144898697539 0.598697539797395 0.0008683068017365958 0.0008683068017366402
0 0.3798412626628075 0.5984081041968162 0.003183791606367592 0.0020260492040521604
0 0.3611726664254703 0.5976845151953689 0.0011577424023154759 0.0011577424023155203
0 0.39069509768451516 0.5971056439942112 0.0011577424023154759 0.0011577424023154314
0 0.36334343342981185 0.5968162083936324 0.001447178002894356 0.002894356005788712
0 0.38722187047756873 0.5945007235890014 0.0005788712011577602 0.0005788712011577602
0 0.3600149240231548 0.5952243125904486 0.0011577424023154759 0.0020260492040521604
0 0.39315530028943557 0.5992764109985528 0.005499276410998543 0.010709117221418207
0 0.38244618306801736 0.5950795947901591 0.001447178002894356 0.003473227206946472
0 0.39301058248914617 0.5934876989869753 0.0005788712011577602 0.0008683068017366402
0 0.3886690484804631 0.5936324167872649 0.0011577424023154759 0.0011577424023154314
0 0.38620884587554266 0.5936324167872649 0.0008683068017365958 0.0011577424023154314
0 0.4516212916063676 0.5965267727930534 0.010709117221418296 0.009261939218523895
0 0.36536948263386393 0.6182344428364688 0.02981186685962376 0.052677279305354575
0 0.36276456222865405 0.5939218523878437 0.006657018813314019 0.005788712011577424
0 0.37072404124457303 0.592040520984081 0.004052098408104188 0.003762662807525352
0 0.35813359261939215 0.5907380607814761 0.001447178002894356 0.0017366136034731917
0 0.3757891642547033 0.5963820549927641 0.005499276410998543 0.01418234442836468
0 0.39228699348769897 0.5903039073806078 0.001447178002894356 0.002604920405209832
0 0.3595807706222865 0.5891461649782923 0.001447178002894356 0.002604920405209832
0 0.40125949710564396 0.6070911722141823 0.015918958031837915 0.039652677279305326
0 0.43063721056439946 0.5979739507959478 0.013892908827785799 0.021997105643994173
0 0.36059379522431256 0.5872648335745296 0.0005788712011577602 0.0005788712011577602
0 0.3559628256150506 0.5866859623733719 0.002894356005788712 0.002894356005788712
0 0.36319871562952244 0.5848046309696093 0.0011577424023154759 0.0014471780028944004
0 0.4656589182344428 0.5827785817655571 0.0005788712011576714 0.0008683068017365514
0 0.38143315846599124 0.5901591895803183 0.00984081041968161 0.016208393632416752
0 0.35552867221418233 0.583068017366136 0.0043415340086830675 0.0020260492040520715
0 0.3639223046309696 0.5813314037626627 0.0008683068017366402 0.0008683068017366402
0 0.3760785998552822 0.581041968162084 0.001447178002894356 0.0014471780028944004
0 0.36942158104196815 0.5845151953690303 0.006078147612156304 0.008972503617945016
0 0.37549972865412445 0.5787264833574529 0.001447178002894356 0.0014471780028944004
0 0.3671060962373372 0.5772793053545586 0.001447178002894356 0.0020260492040520715
0 0.35972548842257596 0.5801736613603472 0.012735166425470323 0.011866859623733728
0 0.38172259406657016 0.581041968162084 0.020839363241678698 0.028075253256150477
