0 0.27144763024602026 0.6328509406657019 0.002894356005788712 0.008393632416787256
0 0.38316977206946456 0.631548480463097 0.01736613603473227 0.013314037626628038
0 0.2717370658465991 0.6248914616497829 0.0023154848046309517 0.005209840810419664
0 0.35104242040520983 0.6204052098408104 0.0023154848046309517 0.003762662807525352
0 0.3830250542691751 0.6209840810419681 0.005499276410998543 0.008393632416787256
0 0.3796965448625181 0.6167872648335745 0.0011577424023155203 0.0011577424023154314
0 0.3781046490593343 0.6196816208393632 0.004920405209840784 0.008104196816208376
0 0.33338684876989866 0.6209840810419681 0.009261939218523852 0.010709117221418207
0 0.3585677460202605 0.618668596237337 0.008683068017366135 0.008972503617944928
0 0.3471350397973951 0.6157742402315485 0.002604920405209832 0.003183791606367503
0 0.3150076881331404 0.6124457308248914 0.009551374819102777 0.0023154848046309517
0 0.3429382235890014 0.6120115774240231 0.0023154848046309517 0.002604920405209832
0 0.35118713820549924 0.6151953690303907 0.00723589001447178 0.009551374819102777
0 0.3057457489146165 0.6112879884225759 0.00607814761215626 0.0023154848046309517
0 0.3558181078147612 0.6107091172214182 0.0054992764109985885 0.0046309696092619035
0 0.3529237518089725 0.6073806078147612 0.0008683068017365958 0.0008683068017366402
0 0.3080612337192475 0.6072358900144718 0.01707670043415339 0.007525325615050704
0 0.2976415520984081 0.6063675832127351 0.00607814761215626 0.005788712011577424
0 0.38172259406657016 0.6094066570188132 0.00984081041968161 0.01360347322720692
0 0.3484375 0.607959479015919 0.010419681620839328 0.012445730824891487
0 0.3212305535455861 0.6078147612156295 0.009261939218523895 0.012735166425470368
0 0.351766009406657 0.6040520984081041 0.012445730824891444 0.008683068017366135
0 0.29908873010130244 0.5995658465991316 0.0014471780028944004 0.0020260492040520715
0 0.3021278039073806 0.5998552821997105 0.004052098408104188 0.006657018813313975
0 0.3500293958031838 0.5971056439942112 0.004920405209840828 0.003473227206946472
0 0.3387414073806078 0.5959479015918958 0.001447178002894356 0.0017366136034732804
0 0.30400913531114326 0.5950795947901591 0.001447178002894356 0.0023154848046309517
0 0.3003911903039074 0.5958031837916064 0.0023154848046309517 0.005499276410998543
0 0.29344473589001446 0.5924746743849493 0.001736613603473236 0.0017366136034732804
0 0.301259497105644 0.592040520984081 0.0011577424023155203 0.0014471780028943114
0 0.29952288350217077 0.5901591895803183 0.0011577424023154759 0.0011577424023155203
0 0.2948919138929088 0.5913169319826338 0.0023154848046309517 0.004052098408104232
0 0.3021278039073806 0.5897250361794499 0.001736613603473236 0.0014471780028944004
0 0.30473272431259046 0.5905933429811867 0.002315484804630996 0.004341534008683023
0 0.31515240593342975 0.5950795947901591 0.017945007235889987 0.01447178002894356
0 0.2976415520984081 0.5888567293777134 0.0014471780028943114 0.0020260492040520715
0 0.3196386577424023 0.5879884225759768 0.0008683068017366402 0.0008683068017366402
0 0.2905503798842258 0.5884225759768451 0.002315484804630996 0.0017366136034731917
0 0.3034302641099855 0.5876989869753979 0.0008683068017365958 0.0008683068017366402
0 0.3150076881331404 0.5872648335745296 0.0014471780028943114 0.0011577424023155203
0 0.3016936505065123 0.5869753979739507 0.0008683068017366402 0.0011577424023155203
0 0.2888137662807525 0.5865412445730824 0.0011577424023154314 0.0014471780028944004
0 0.305601031114327 0.5859623733719247 0.0017366136034731917 0.0014471780028943114
0 0.3067587735166425 0.5852387843704776 0.0005788712011577602 0.0005788712011577602
0 0.31081087192474677 0.585094066570188 0.0011577424023155203 0.0008683068017366402
0 0.321519989146165 0.5855282199710563 0.001736613603473236 0.004630969609261992
0 0.2914186866859624 0.5826338639652677 0.0011577424023154314 0.0011577424023154314
0 0.3223882959479016 0.58205499276411 0.0011577424023155203 0.0011577424023155203
0 0.33078192836468884 0.5982633863965268 0.013892908827785844 0.03473227206946454
0 0.31052143632416784 0.5814761215629523 0.0017366136034732804 0.0017366136034732804
0 0.29301058248914613 0.5811866859623734 0.0020260492040521604 0.002894356005788712
0 0.2895373552821997 0.5804630969609261 0.001447178002894356 0.002604920405209832
0 0.31196861432706224 0.5794500723589001 0.0017366136034731917 0.0017366136034731917
0 0.30864010492040517 0.5788712011577424 0.0014471780028943114 0.0011577424023155203
0 0.315875994934877 0.5813314037626627 0.0083936324167873 0.006657018813314064
0 0.3128369211287988 0.5777134587554269 0.0005788712011577602 0.0005788712011577602
0 0.310232000723589 0.5777134587554269 0.0011577424023155203 0.0011577424023155203
0 0.2893926374819103 0.5778581765557164 0.0023154848046309517 0.0020260492040520715
0 0.31862563314037623 0.577134587554269 0.0011577424023155203 0.0011577424023154314
0 0.3558181078147612 0.5827785817655571 0.015918958031837915 0.01418234442836468
0 0.2931553002894356 0.5781476121562952 0.0046309696092619035 0.004920405209840784
0 0.3812884406657019 0.5882778581765556 0.017655571635311153 0.02865412445730824
0 0.3194939399421129 0.5742402315484805 0.0011577424023155203 0.0011577424023154314
0 0.3021278039073806 0.5982633863965268 0.03936324167872644 0.049782923299565775
0 0.3109555897250361 0.5743849493487698 0.002026049204052116 0.003183791606367592
0 0.31573127713458754 0.5725036179450071 0.0005788712011577602 0.0005788712011577602
0 0.28794545947901595 0.5725036179450071 0.0005788712011577602 0.0005788712011577602
0 0.283314489869754 0.5733719247467437 0.002894356005788712 0.003473227206946472
0 0.3144288169319826 0.5719247467438494 0.0014471780028943114 0.0011577424023155203
0 0.31674430173661355 0.5713458755426917 0.001447178002894356 0.0011577424023154314
0 0.30314082850940666 0.5774240231548481 0.012445730824891399 0.013314037626628038
0 0.3231118849493487 0.5755426917510853 0.00607814761215626 0.010709117221418207
0 0.3209411179450072 0.5701881331403762 0.0005788712011577157 0.0005788712011577602
0 0.289971508683068 0.5696092619392185 0.0011577424023155203 0.0011577424023155203
0 0.282012029667149 0.5700434153400867 0.0043415340086830675 0.002604920405209832
0 0.31934922214182343 0.5672937771345875 0.0014471780028944004 0.0023154848046309517
0 0.2895373552821997 0.5659913169319826 0.0008683068017366402 0.0008683068017366402
0 0.3319396707670043 0.5817655571635311 0.024312590448625125 0.035890014471780064
0 0.30878482272069463 0.5698986975397974 0.013314037626628038 0.013314037626628129
0 0.38201202966714903 0.5683068017366135 0.015629522431259035 0.010709117221418296
0 0.2959049384949349 0.567149059334298 0.007814761215629584 0.008393632416787256
0 0.289971508683068 0.5638205499276411 0.002894356005788712 0.0023154848046310406
0 0.301259497105644 0.5626628075253256 0.001736613603473236 0.0017366136034731917
0 0.2837486432706223 0.566136034732272 0.008972503617945016 0.010998552821997087
0 0.2914186866859624 0.5612156295224312 0.0011577424023154314 0.0023154848046310406
0 0.29995703690303904 0.5604920405209841 0.0014471780028943114 0.0014471780028944004
0 0.3886690484804631 0.5607814761215628 0.004052098408104188 0.004341534008683023
0 0.37824936685962374 0.5575976845151953 0.012156295224312608 0.006657018813314064
0 0.357410003617945 0.5643994211287988 0.015629522431259035 0.021997105643994173
0 0.3064693379160637 0.5610709117221419 0.027206946454413926 0.021707670043415294
0 0.38809017727930534 0.5406657018813313 0.0005788712011577602 0.0005788712011577602
0 0.3471350397973951 0.3555716353111432 0.051808972503617975 0.051808972503617934
0 0.6038644175108538 0.1516642547033285 0.003183791606367592 0.002894356005788712
0 0.6139946635311142 0.14819102749638205 0.009551374819102686 0.004630969609261948
0 0.5974968342981187 0.13921852387843706 0.004920405209840784 0.010419681620839349
0 0.5946024782923299 0.13357452966714906 0.0002894356005788801 0.000868306801736618
0 0.6210858357452966 0.13241678726483358 0.01273516642547028 0.011287988422575968
0 0.5918528400868306 0.1301013024602026 0.004052098408104232 0.00781476121562954
0 0.5990887301013024 0.12908827785817656 0.0046309696092619035 0.006946454413892922
0 0.5993781657018813 0.13299565846599132 0.012735166425470368 0.015918958031837915
0 0.589971508683068 0.1247467438494935 0.0020260492040520715 0.002315484804630974
0 0.6151524059334298 0.12344428364688856 0.005499276410998543 0.002604920405209832
0 0.6595807706222866 0.12575976845151954 0.019102749638205463 0.00781476121562954
0 0.5974968342981186 0.12272069464544137 0.0020260492040520715 0.001736613603473236
0 0.5946024782923299 0.12286541244573082 0.0020260492040520715 0.002026049204052116
0 0.599957036903039 0.12199710564399421 0.0017366136034732804 0.002026049204052094
0 0.6027066751085383 0.12141823444283646 0.002604920405209832 0.002604920405209832
0 0.6245590629522431 0.12083936324167872 0.006367583212735184 0.003183791606367592
0 0.6598702062228654 0.12011577424023154 0.0046309696092619035 0.002315484804630974
0 0.6526343162083936 0.12141823444283646 0.0017366136034731917 0.005499276410998543
0 0.65610754341534 0.12054992764109984 0.002894356005788712 0.0043415340086830675
0 0.589682073082489 0.12127351664254701 0.005499276410998543 0.005788712011577424
0 0.6627645622286541 0.11707670043415339 0.0011577424023155203 0.001447178002894356
0 0.5925764290882778 0.11895803183791606 0.007814761215629495 0.005209840810419686
0 0.6655142004341534 0.11866859623733719 0.003183791606367592 0.005788712011577424
0 0.6553839544138929 0.11678726483357452 0.0014471780028943114 0.002026049204052094
0 0.6652247648335745 0.11490593342981185 0.0002894356005788801 0.0005788712011577602
0 0.6548050832127352 0.11476121562952242 0.0002894356005788801 0.0002894356005788801
0 0.6151524059334298 0.12011577424023154 0.013024602026049159 0.01099855282199711
0 0.6523448806078147 0.11577424023154848 0.0023154848046309517 0.004630969609261948
0 0.6113897431259044 0.11403762662807523 0.0014471780028944004 0.001736613603473236
0 0.6569758502170767 0.1134587554269175 0.003473227206946472 0.002894356005788712
0 0.6155865593342981 0.1130246020260492 0.003473227206946472 0.002026049204052094
0 0.6545156476121562 0.11201157742402315 0.0014471780028944004 0.0011577424023154759
0 0.6080612337192475 0.11186685962373373 0.007525325615050704 0.00376266280752533
0 0.6526343162083936 0.11041968162083934 0.0011577424023154314 0.001447178002894356
0 0.6590018994211289 0.11172214182344428 0.009840810419681656 0.008104196816208397
0 0.5892479196816207 0.11157742402315485 0.0167872648335746 0.008393632416787278
0 0.6487269356005788 0.10738060781476122 0.0014471780028944004 0.001157742402315498
0 0.6296241859623734 0.10665701881331402 0.0008683068017365514 0.000868306801736618
0 0.6280322901591895 0.10506512301013023 0.0017366136034732804 0.0017366136034732138
0 0.6459772973950796 0.10390738060781475 0.0011577424023155203 0.0011577424023154759
0 0.6422146345875542 0.1037626628075253 0.0005788712011577602 0.000868306801736618
0 0.6467008863965267 0.10318379160636756 0.0002894356005788801 0.0002894356005788801
0 0.5976415520984081 0.10767004341534007 0.005788712011577424 0.009261939218523895
0 0.6319396707670043 0.10318379160636759 0.0014471780028944004 0.002026049204052094
0 0.629190032561505 0.10680173661360345 0.009840810419681656 0.00984081041968161
0 0.611245025325615 0.10593342981186685 0.005788712011577424 0.008683068017366135
0 0.6762233176555716 0.1015918958031838 0.003183791606367592 0.0017366136034732138
0 0.6329526953690303 0.1008683068017366 0.0017366136034731917 0.001447178002894356
0 0.6419251989869753 0.1004341534008683 0.0011577424023154314 0.0011577424023154759
0 0.6429382235890013 0.09971056439942112 0.0002894356005788801 0.00028943560057886897
0 0.6440959659913169 0.10680173661360345 0.013024602026049159 0.015050651230101308
0 0.6262956765557164 0.1004341534008683 0.0017366136034731917 0.002894356005788712
0 0.6352681801736614 0.09956584659913167 0.0011577424023154314 0.0017366136034732249
0 0.6737631150506512 0.0992764109985528 0.0011577424023154314 0.0017366136034732138
0 0.6097978473227206 0.10318379160636759 0.019102749638205463 0.009551374819102754
0 0.6367153581765557 0.09826338639652676 0.0011577424023155203 0.001447178002894356
0 0.6329526953690303 0.0979739507959479 0.0017366136034731917 0.001447178002894356
0 0.6477139109985528 0.0979739507959479 0.002894356005788712 0.002604920405209832
0 0.6892479196816208 0.09580318379160636 0.0014471780028944004 0.001736613603473236
0 0.6440959659913169 0.09565846599131692 0.0014471780028943114 0.001447178002894356
0 0.628177007959479 0.09696092619392185 0.007235890014471824 0.005788712011577424
0 0.6456878617945007 0.094356005788712 0.0017366136034732804 0.001736613603473236
0 0.6795518270622286 0.10680173661360345 0.029522431259044878 0.027206946454413884
0 0.640478020984081 0.0939218523878437 0.002894356005788712 0.004920405209840805
0 0.6904056620839363 0.09146164978292329 0.0020260492040520715 0.005788712011577424
0 0.6439512481910274 0.08929088277858176 0.0017366136034731917 0.001447178002894356
0 0.6630539978292329 0.09811866859623733 0.03183791606367583 0.019681620839363246
0 0.6876560238784369 0.08712011577424023 0.004052098408104232 0.001736613603473236
0 0.683025054269175 0.0874095513748191 0.0046309696092619035 0.002894356005788712
0 0.6452537083936324 0.08697539797395079 0.003183791606367592 0.0031837916063675808
0 0.6801306982633865 0.08509406657018811 0.003473227206946472 0.002315484804630963
0 0.6422146345875543 0.0849493487698987 0.0017366136034731917 0.003183791606367592
0 0.6323738241678726 0.09001447178002894 0.009261939218523895 0.01447178002894356
0 0.6469903219971056 0.08465991316931983 0.003183791606367592 0.0060781476121562926
0 0.6844722322720693 0.08263386396526773 0.0017366136034731917 0.002604920405209843
0 0.6824461830680173 0.08234442836468885 0.0017366136034731917 0.002026049204052094
0 0.6724606548480463 0.08408104196816209 0.009551374819102777 0.005499276410998555
0 0.6377283827785817 0.0849493487698987 0.004341534008683023 0.007814761215629518
0 0.6682638386396527 0.08958031837916063 0.03936324167872644 0.022286541244573087
0 0.6330974131693198 0.08191027496382056 0.005499276410998543 0.007525325615050649
0 0.6679744030390738 0.0788712011577424 0.0017366136034731917 0.002604920405209843
0 0.6469903219971056 0.07872648335745296 0.0020260492040520715 0.002894356005788712
0 0.6765127532561505 0.08075253256150505 0.008393632416787256 0.007525325615050649
0 0.6676849674384948 0.07337192474674384 0.0011577424023154314 0.001447178002894356
0 0.6689874276410999 0.07221418234442836 0.0008683068017366402 0.000868306801736618
0 0.6697110166425471 0.07670043415340086 0.058465991316931996 0.03589001447178003
